CITROEN
4250 41
CITROEN
4250 70
DACIA
7711130071
DACIA
7701207066
DACIA
7701210142
DACIA
410602192R
DACIA
7701209639
DACIA
60 01 545 576
PEUGEOT
4250 70
PEUGEOT
4250 41
RENAULT
77 01 202 712
RENAULT
77 11 130 036
RENAULT
77 01 203 775
RENAULT
77 01 203 282
RENAULT
77 01 202 540
RENAULT
77 01 202 539
RENAULT
77 01 203 795
RENAULT
77 01 204 066
RENAULT
77 01 349 973
RENAULT
77 01 130 036
RENAULT
60 00 008 018
RENAULT
77 01 204 833
RENAULT
77 01 210 142
RENAULT
77 01 207 066
RENAULT
77 11 130 071
RENAULT
77 01 203 796
RENAULT
77 01 207 960
RENAULT
77 01 208 265
RENAULT
77 01 201 775
RENAULT
77 01 203 777
RENAULT
77 01 203 797
RENAULT
77 01 204 358
RENAULT
77 01 205 355
RENAULT
77 01 349 970
RENAULT
77 01 202 241
RENAULT
77 01 202 848
RENAULT
77 01 205 411
RENAULT
77 01 209 639
RENAULT
86 71 000 107
RENAULT
77 01 210 130
RENAULT
77 02 295 181
RENAULT
77 01 203 129
RENAULT
77 01 202 285
RENAULT
77 01 202 895
RENAULT
60 25 071 042
RENAULT
77 01 202 284
RENAULT
77 01 201 669
RENAULT
77 01 201 773
RENAULT
77 01 202 516
RENAULT
41 06 021 92R
RENAULT
77 01 202 289
RENAULT
77 01 202 894
